1.95
2.14
5.00
0.55
2.98
3.01
2.94
0.07
0.86
3.20
3.55
1.53
0.91
2.51
3.53
4.44
4.20
0.55
1.01
1.96
3.74
4.95
2.21
0.94
2.63
3.68
2.39
4.58
1.02
4.15
3.31
0.61
0.12
3.91
3.42
1.81
4.91
4.69
0.67
2.61
4.72
0.60
1.44
3.96
4.23
4.39
3.48
4.67
4.75
1.73
1.01
4.12
4.29
1.75
1.41
2.02
3.60
2.43
2.56
4.36
4.26
4.54
4.70
0.74
3.36
2.14
1.46
0.10
2.25
0.06
4.85
3.67
3.97
5.00
3.56
1.02
2.88
4.20
4.02
0.92
3.20
4.26
1.61
1.54
0.26
4.18
0.06
0.13
2.57
2.72
2.60
2.80
1.69
0.28
1.17
3.32
2.08
1.56
0.18
1.28
4.08
1.82
4.09
0.83
2.38
2.15
1.42
0.30
3.82
3.01
0.68
2.39
2.19
4.84
4.86
1.62
2.25
1.85
0.59
0.04
1.13
2.45
0.00
4.50
2.61
1.98
4.82
0.85
4.49
2.00
3.30
0.46
3.07
0.26
0.78
2.30
4.91
1.45
0.90
3.25
3.31
4.82
3.73
2.71
0.91
3.65
1.83
1.76
2.21
4.57
3.75
4.79
2.87
2.17
0.74
3.97
1.84
2.86
0.03
2.02
0.17
4.73
4.94
0.08
2.07
3.03
3.03
0.09
4.29
0.42
4.77
2.52
1.03
4.84
2.29
0.05
0.57
2.36
3.60
0.48
3.53
0.04
1.45
1.83
2.02
2.66
2.08
1.54
3.58
3.02
4.19
2.33
4.77
0.27
3.40
3.27
2.32
1.40
0.81
1.35
1.90
3.43
3.98
2.42
2.18
0.17
3.04
2.61
3.30
1.03
2.44
1.82
4.07
2.62
4.76
3.62
2.07
4.46
0.83
3.43
2.32
1.88
2.06
2.21
0.04
1.13
0.76
0.08
0.15
0.67
2.36
3.80
2.62
1.50
0.19
2.04
3.18
1.28
1.51
4.03
2.57
2.16
0.67
2.82
3.11
3.08
2.21
2.35
0.67
0.03
2.86
2.58
4.88
2.34
3.82
0.43
4.39
2.95
1.66
4.36
3.04
1.20
3.27
0.51
4.23
2.22
4.93
1.90
0.27
3.05
4.90
2.31
4.32
2.64
4.39
3.05
4.29
1.78
4.74
1.97
1.88
2.10
2.65
2.47
1.58
3.74
0.65
1.97
0.86
4.97
3.49
2.70
4.21
3.81
2.27
2.75
1.33
4.05
4.51
4.74
3.33
3.02
0.29
3.69
1.09
2.08
1.52
3.15
1.68
1.34
2.57
3.63
0.84
2.11
2.18
2.80
3.78
0.99
4.67
4.79
3.05
4.92
3.00
1.23
0.86
4.14
2.08
0.72
1.77
3.25
4.32
0.54
3.71
1.44
4.31
3.79
0.04
0.69
4.24
3.57
4.20
2.95
2.96
0.82
1.10
4.06
2.19
4.15
3.60
4.85
4.69
2.86
4.42
3.47
1.09
2.85
3.73
4.57
1.36
4.78
1.44
2.39
3.84
1.54
1.95