2.73
2.63
2.86
3.67
4.36
2.38
4.18
2.51
3.66
3.45
3.04
2.25
4.55
4.36
4.05
4.75
4.22
2.47
4.80
4.12
3.30
2.19
3.21
4.19
2.63
3.17
2.24
3.01
3.87
2.07
3.12
3.56
2.73
2.36
3.12
4.78
2.45
2.31
2.43
2.77
3.91
3.50
4.67
2.31
4.81
2.14
2.60
3.96
3.65
4.40
3.52
3.98
2.28
2.30
2.31
4.88
2.13
4.84
2.85
2.77
3.07
3.05
3.43
1.12
1.99
1.66
1.69
2.34
1.15
1.77
2.14
2.57
3.41
1.63
3.42
1.88
2.39
3.17
1.59
1.03
1.67
2.95
1.80
2.44
3.44
1.89
2.00
2.32
3.18
2.41
3.28
2.29
2.04
2.68
2.96
2.00
2.96
3.33
3.50
1.65
3.30
1.66
1.94
2.60
1.55
2.30
2.25
1.12
1.79
2.78
1.59
3.22
3.26
3.02
2.21
2.78
2.23
3.29
2.79
1.92
2.03
1.99
1.21
1.66
2.92
3.39
3.05
1.40
2.59
1.92
3.02
1.20
2.64
2.56
2.35
1.32
2.87
2.65
2.19
1.44
1.57
2.64
2.58
2.01
3.06
2.58
2.46
2.70
2.57
1.66
0.53
1.08
0.86
0.18
0.55
1.06
0.22
0.01
0.96
0.45
0.40
1.16
0.66
0.01
1.09
0.42
0.14
0.61
1.41
1.02
0.96
0.68
0.75
0.74
1.40
0.61
0.58
1.07
1.26
0.64
0.55
0.51
0.86
0.89
0.89
1.31
1.05
1.11
0.32
0.57
1.14
1.36
1.04
1.28
1.03
1.43
1.02
0.87
0.33
0.92
0.59
1.09
0.99
1.27
1.11
0.63
1.09
1.32
1.18
0.25
0.42
1.48
1.25
0.01
0.66
0.25
0.36
1.17
0.55
0.19
0.78
0.42
1.14
0.28
0.03
1.45
0.70
0.36
1.29
0.98
0.64
1.09
0.08
0.37
0.55
1.13
0.73
0.51
0.45
0.51
3.59
3.51
1.72
2.16
1.57
3.68
2.75
3.32
3.57
3.25
1.98
3.17
3.40
3.87
3.01
2.40
1.84
3.93
3.38
3.18
1.68
2.03
1.59
1.71
3.14
3.14
2.89
1.76
2.32
3.78
2.52
2.98
2.53
3.35
3.82
2.44
2.91
2.89
2.60
3.87
1.57
3.62
3.47
2.35
3.55
2.78
3.06
3.60
1.96
2.49
1.84
2.66
2.89
1.58
3.90
1.51
1.76
3.46
2.36
1.93
1.75
3.36
2.01
1.72
3.71
3.88
1.66
1.72
1.69
1.86
3.53
3.15
2.56
2.35
2.93
3.37
3.88
2.45
3.82
2.26
1.93
1.99
2.91
2.65
3.23
2.95
2.65
2.46
3.18
3.76
3.73
3.27
4.26
4.28
2.48
4.99
3.86
3.09
2.83
3.00
3.81
2.43
2.16
3.85
3.76
2.83
4.63
2.10
2.56
4.57
4.19
2.16
3.70
4.92
3.96
2.12
4.19
3.32
2.67
4.38
3.49
3.20
4.56
4.85
2.38